0 16.731653
10 0.051624
20 127.344705
30 0.310341
40 0.305849
50 0.423179
60 0.049588
70 -0.096891
80 0.561057
90 -0.107910
100 0.075208
110 -0.308426
120 0.010889
130 -0.372080
140 0.555035
150 -0.038273
160 0.472462
170 0.753051
180 -0.182677
190 0.446232
200 0.104183
210 0.045609
220 -0.184226
230 -0.138630
240 0.410108
250 -0.763034
260 -0.239756
270 -0.202241
280 -0.110979
290 0.188588
300 -0.210574
310 0.604380
320 -0.050492
330 0.318738
340 0.345836
350 -0.045812
360 -0.639435
370 0.647791
380 0.063640
390 -0.063173
400 -0.264008
410 -0.308043
420 0.467055
430 0.599636
440 -0.202527
450 -0.047655
460 -0.035732
470 0.029469
480 0.080536
490 0.213416
500 -0.117560
510 -0.721145
520 0.232629
530 0.516573
540 -0.522855
550 -0.020953
560 0.769542
570 -0.383376
580 0.311879
590 -0.232447
600 -0.370123
610 -0.919859
620 0.275719
630 -0.063065
640 -0.611932
650 0.025986
660 0.269265
670 0.512488
680 0.686620
690 -0.181713
700 0.317143
710 -0.084549
720 0.014459
730 0.189644
740 -0.268578
750 0.107220
760 -0.078444
770 0.559550
780 0.378607
790 -0.482129
800 0.528217
810 -0.292367
820 0.053354
830 0.469990
840 0.285208
850 -0.298760
860 -0.230906
870 -0.880765
880 0.069981
890 0.340144
900 0.056808
910 -0.187037
920 0.263975
930 0.231306
940 -0.769974
950 0.053565
960 -0.316432
970 -0.208557
980 -0.372886
990 0.226785
1000 0.795672
1010 -0.472331
1020 0.281284
1030 0.349729
1040 -0.744596
1050 0.744140
1060 -0.251748
1070 -0.205148
1080 -0.011381
1090 0.096016
1100 1.192795
1110 0.687115
1120 0.011842
1130 -0.533056
1140 0.535430
1150 -0.985153
1160 0.292535
1170 -0.320562
1180 0.523357
1190 0.259576
1200 -0.091801
1210 -0.320494
1220 0.526672
1230 0.033812
1240 -0.084680
1250 0.670574
1260 0.066025
1270 0.302701
1280 -0.534053
1290 -0.619669
1300 -0.321654
1310 -0.232795
1320 -0.716407
1330 0.631914
1340 -1.015027
1350 -0.404461
1360 -0.097171
1370 0.080912
1380 0.792259
1390 0.532350
1400 -0.210067
1410 -0.356770
1420 0.196639
1430 -0.433987
1440 0.546602
1450 0.390737
1460 -0.331972
1470 0.122799
1480 0.385435
1490 -0.171909
1500 0.309673
1510 0.351317
1520 0.026245
1530 0.232649
1540 0.227637
1550 0.004662
1560 -0.208548
1570 -0.143225
1580 -0.253075
1590 0.157104
1600 0.209776
1610 -0.792807
1620 -0.011364
1630 -0.272942
1640 -0.061460
1650 -0.192105
1660 0.136770
1670 -0.015660
1680 0.069058
1690 0.701993
1700 -0.173194
1710 0.069097
1720 -0.623494
1730 -0.465722
1740 0.325086
1750 0.420383
1760 -0.381465
1770 0.470005
1780 -0.526387
1790 -0.262913
1800 -0.025707
1810 0.019292
1820 -0.368745
1830 0.114142
1840 0.110673
1850 0.188336
1860 1.046229
1870 0.559760
1880 -0.522738
1890 -0.537202
1900 0.173119
1910 0.273993
1920 0.372673
1930 -0.265170
1940 0.207010
1950 0.491627
1960 0.498029
1970 0.127380
1980 -0.453853
1990 0.377596
2000 0.128017
2010 -0.171591
2020 0.502839
2030 0.084822
2040 0.049720
2050 0.558840
2060 -0.146574
2070 0.311557
2080 0.582880
2090 0.033525
2100 -0.218504
2110 0.441843
2120 0.251704
2130 0.107618
2140 -0.462857
2150 0.623694
2160 -0.022980
2170 -0.450070
2180 -0.550599
2190 -0.139888
2200 -0.070602
2210 -0.628353
2220 -0.288075
2230 0.079181
2240 0.730945
2250 -0.062557
2260 -0.072470
2270 -0.447659
2280 -0.185405
2290 0.048033
2300 -0.550141
2310 -0.348897
2320 0.694365
2330 -0.404163
2340 -0.152303
2350 -0.867805
2360 0.426573
2370 -0.143312
2380 -0.131296
2390 -0.222368
2400 0.123894
2410 0.245063
2420 0.391549
2430 -0.459710
2440 0.437742
2450 -0.040353
2460 0.768255
2470 -0.622453
2480 -0.950537
2490 -0.474778
2500 0.025999
2510 0.819889
2520 -0.323585
2530 -0.741650
2540 0.565257
2550 -0.080241
