0 0.000000
4 0.000000
8 127.344705
12 0.000000
16 0.000000
20 0.000000
24 0.000000
28 0.000000
32 0.000000
36 0.000000
40 0.000000
44 0.000000
48 0.000000
52 0.000000
56 0.000000
60 0.000000
64 0.000000
68 0.000000
72 0.000000
76 0.000000
80 0.000000
84 0.000000
88 0.000000
92 0.000000
96 0.000000
100 0.000000
104 0.000000
108 0.000000
112 0.000000
116 0.000000
120 0.000000
124 0.000000
128 0.000000
132 0.000000
136 0.000000
140 0.000000
144 0.000000
148 0.000000
152 0.000000
156 0.000000
160 0.000000
164 0.000000
168 0.000000
172 0.000000
176 0.000000
180 0.000000
184 0.000000
188 0.000000
192 0.000000
196 0.000000
200 0.000000
204 0.000000
208 0.000000
212 0.000000
216 0.000000
220 0.000000
224 0.000000
228 0.000000
232 0.000000
236 0.000000
240 0.000000
244 0.000000
248 0.000000
252 0.000000
256 0.000000
260 0.000000
264 0.000000
268 0.000000
272 0.000000
276 0.000000
280 0.000000
284 0.000000
288 0.000000
292 0.000000
296 0.000000
300 0.000000
304 0.000000
308 0.000000
312 0.000000
316 0.000000
320 0.000000
324 0.000000
328 0.000000
332 0.000000
336 0.000000
340 0.000000
344 0.000000
348 0.000000
352 0.000000
356 0.000000
360 0.000000
364 0.000000
368 0.000000
372 0.000000
376 0.000000
380 0.000000
384 0.000000
388 0.000000
392 0.000000
396 0.000000
400 0.000000
404 0.000000
408 0.000000
412 0.000000
416 0.000000
420 0.000000
424 0.000000
428 0.000000
432 0.000000
436 0.000000
440 0.000000
444 0.000000
448 0.000000
452 0.000000
456 0.000000
460 0.000000
464 0.000000
468 0.000000
472 0.000000
476 0.000000
480 0.000000
484 0.000000
488 0.000000
492 0.000000
496 0.000000
500 0.000000
504 0.000000
508 0.000000
512 0.000000
516 0.000000
520 0.000000
524 0.000000
528 0.000000
532 0.000000
536 0.000000
540 0.000000
544 0.000000
548 0.000000
552 0.000000
556 0.000000
560 0.000000
564 0.000000
568 0.000000
572 0.000000
576 0.000000
580 0.000000
584 0.000000
588 0.000000
592 0.000000
596 0.000000
600 0.000000
604 0.000000
608 0.000000
612 0.000000
616 0.000000
620 0.000000
624 0.000000
628 0.000000
632 0.000000
636 0.000000
640 0.000000
644 0.000000
648 0.000000
652 0.000000
656 0.000000
660 0.000000
664 0.000000
668 0.000000
672 0.000000
676 0.000000
680 0.000000
684 0.000000
688 0.000000
692 0.000000
696 0.000000
700 0.000000
704 0.000000
708 0.000000
712 0.000000
716 0.000000
720 0.000000
724 0.000000
728 0.000000
732 0.000000
736 0.000000
740 0.000000
744 0.000000
748 0.000000
752 0.000000
756 0.000000
760 0.000000
764 0.000000
768 0.000000
772 0.000000
776 0.000000
780 0.000000
784 0.000000
788 0.000000
792 0.000000
796 0.000000
800 0.000000
804 0.000000
808 0.000000
812 0.000000
816 0.000000
820 0.000000
824 0.000000
828 0.000000
832 0.000000
836 0.000000
840 0.000000
844 0.000000
848 0.000000
852 0.000000
856 0.000000
860 0.000000
864 0.000000
868 0.000000
872 0.000000
876 0.000000
880 0.000000
884 0.000000
888 0.000000
892 0.000000
896 0.000000
900 0.000000
904 0.000000
908 0.000000
912 0.000000
916 0.000000
920 0.000000
924 0.000000
928 0.000000
932 0.000000
936 0.000000
940 0.000000
944 0.000000
948 0.000000
952 0.000000
956 0.000000
960 0.000000
964 0.000000
968 0.000000
972 0.000000
976 0.000000
980 0.000000
984 0.000000
988 0.000000
992 0.000000
996 0.000000
1000 0.000000
1004 0.000000
1008 0.000000
1012 0.000000
1016 0.000000
1020 0.000000
