1.105023
1.048093
1.093072
1.088982
1.094741
0.994725
0.998843
1.037573
0.958601
0.973236
0.941596
0.936337
0.877068
0.867383
0.892039
0.855476
0.786571
0.761221
0.652094
0.671570
0.557608
0.544464
0.488551
0.528077
0.402268
0.387008
0.306508
0.256581
0.319956
0.174013
0.162134
0.153957
0.076580
-0.012064
-0.018323
-0.081195
-0.133392
-0.121383
-0.253720
-0.240470
-0.316840
-0.331316
-0.421368
-0.402662
-0.520156
-0.551642
-0.533428
-0.556681
-0.698387
-0.622285
-0.707261
-0.792451
-0.807443
-0.774825
-0.770642
-0.860378
-0.915858
-0.939041
-0.899728
-0.962144
-0.951000
-0.867847
-0.882409
-0.892430
-0.966667
-0.931325
-0.948284
-0.894145
-0.916718
-0.886566
-0.890490
-0.936634
-0.869175
-0.787510
-0.765570
-0.767610
-0.795933
-0.710891
-0.693013
-0.696695
-0.621124
-0.650812
-0.579380
-0.485690
-0.451920
-0.472811
-0.442776
-0.315884
-0.338888
-0.251056
-0.170726
-0.169400
-0.112927
-0.039396
-0.043072
0.066429
0.049805
0.150914
0.183544
0.260602
0.255402
0.269958
0.409066
0.451906
0.401141
0.537688
0.551532
0.568097
0.633020
0.630832
0.732644
0.709991
0.762986
0.769214
0.796452
0.837737
0.901025
0.909791
0.903122
1.017340
0.936776
0.957303
1.018871
1.065091
1.103879
1.106052
1.080740
1.046694
1.093721
1.044878
1.031955
1.018209
1.053846
1.000583
0.975989
1.033063
0.939564
1.003173
0.902434
0.950863
0.840786
0.921971
0.779577
0.806147
0.729133
0.701567
0.734118
0.687281
0.637641
0.635028
0.551329
0.522522
0.394368
0.353753
0.355311
0.252759
0.203829
0.172312
0.155695
0.151527
0.071665
0.045380
-0.091525
-0.127005
-0.070091
-0.217439
-0.179040
-0.321206
-0.257959
-0.420798
-0.362579
-0.505062
-0.555050
-0.480316
-0.560157
-0.649012
-0.686715
-0.691990
-0.658882
-0.700746
-0.786583
-0.788668
-0.809493
-0.847417
-0.837956
-0.929089
-0.890589
-0.875370
-0.942748
-0.865148
-0.923063
-0.889094
-0.906524
-0.920182
-0.990757
-0.895701
-0.876630
-0.854359
-0.847781
-0.837664
-0.801450
-0.811013
-0.769000
-0.734779
-0.748110
-0.741050
-0.752514
-0.637200
-0.595988
-0.661935
-0.553180
-0.564694
-0.476885
-0.485461
-0.383819
-0.387947
-0.341586
-0.307961
-0.281015
-0.163846
-0.167133
-0.065339
-0.034181
0.072366
0.035005
0.117331
0.187926
0.160891
0.254026
0.317048
0.408324
0.393255
0.424727
0.533516
0.525711
0.514507
0.598688
0.670509
0.738549
0.700795
0.791541
0.801320
0.833252
0.841327
0.920481
0.880548
0.959649
0.909097
0.975627
1.028542
1.041182
1.049736
1.024175
1.012254
1.071323
1.077190
