0 0.994881
10 0.993682
20 0.990090
30 0.984112
40 0.975764
50 0.965065
60 0.952041
70 0.936724
80 0.919150
90 0.899361
100 0.877406
110 0.853337
120 0.827213
130 0.799096
140 0.769053
150 0.737158
160 0.703487
170 0.668121
180 0.631146
190 0.592650
200 0.552726
210 0.511471
220 0.468983
230 0.425366
240 0.380724
250 0.335165
260 0.288799
270 0.241736
280 0.194092
290 0.145979
300 0.097515
310 0.048816
320 0.000000
330 -0.048816
340 -0.097515
350 -0.145979
360 -0.194092
370 -0.241736
380 -0.288799
390 -0.335165
400 -0.380724
410 -0.425366
420 -0.468983
430 -0.511471
440 -0.552726
450 -0.592650
460 -0.631146
470 -0.668121
480 -0.703487
490 -0.737158
500 -0.769053
510 -0.799096
520 -0.827213
530 -0.853337
540 -0.877406
550 -0.899361
560 -0.919150
570 -0.936724
580 -0.952041
590 -0.965065
600 -0.975764
610 -0.984112
620 -0.990090
630 -0.993682
640 -0.994881
650 -0.993682
660 -0.990090
670 -0.984112
680 -0.975764
690 -0.965065
700 -0.952041
710 -0.936724
720 -0.919150
730 -0.899361
740 -0.877406
750 -0.853337
760 -0.827213
770 -0.799096
780 -0.769053
790 -0.737158
800 -0.703487
810 -0.668121
820 -0.631146
830 -0.592650
840 -0.552726
850 -0.511471
860 -0.468983
870 -0.425366
880 -0.380724
890 -0.335165
900 -0.288799
910 -0.241736
920 -0.194092
930 -0.145979
940 -0.097515
950 -0.048816
960 0.000000
970 0.048816
980 0.097515
990 0.145979
1000 0.194092
1010 0.241736
1020 0.288799
1030 0.335165
1040 0.380724
1050 0.425366
1060 0.468983
1070 0.511471
1080 0.552726
1090 0.592650
1100 0.631146
1110 0.668121
1120 0.703487
1130 0.737158
1140 0.769053
1150 0.799096
1160 0.827213
1170 0.853337
1180 0.877406
1190 0.899361
1200 0.919150
1210 0.936724
1220 0.952041
1230 0.965065
1240 0.975764
1250 0.984112
1260 0.990090
1270 0.993682
1280 0.994881
1290 0.993682
1300 0.990090
1310 0.984112
1320 0.975764
1330 0.965065
1340 0.952041
1350 0.936724
1360 0.919150
1370 0.899361
1380 0.877406
1390 0.853337
1400 0.827213
1410 0.799096
1420 0.769053
1430 0.737158
1440 0.703487
1450 0.668121
1460 0.631146
1470 0.592650
1480 0.552726
1490 0.511471
1500 0.468983
1510 0.425366
1520 0.380724
1530 0.335165
1540 0.288799
1550 0.241736
1560 0.194092
1570 0.145979
1580 0.097515
1590 0.048816
1600 0.000000
1610 -0.048816
1620 -0.097515
1630 -0.145979
1640 -0.194092
1650 -0.241736
1660 -0.288799
1670 -0.335165
1680 -0.380724
1690 -0.425366
1700 -0.468983
1710 -0.511471
1720 -0.552726
1730 -0.592650
1740 -0.631146
1750 -0.668121
1760 -0.703487
1770 -0.737158
1780 -0.769053
1790 -0.799096
1800 -0.827213
1810 -0.853337
1820 -0.877406
1830 -0.899361
1840 -0.919150
1850 -0.936724
1860 -0.952041
1870 -0.965065
1880 -0.975764
1890 -0.984112
1900 -0.990090
1910 -0.993682
1920 -0.994881
1930 -0.993682
1940 -0.990090
1950 -0.984112
1960 -0.975764
1970 -0.965065
1980 -0.952041
1990 -0.936724
2000 -0.919150
2010 -0.899361
2020 -0.877406
2030 -0.853337
2040 -0.827213
2050 -0.799096
2060 -0.769053
2070 -0.737158
2080 -0.703487
2090 -0.668121
2100 -0.631146
2110 -0.592650
2120 -0.552726
2130 -0.511471
2140 -0.468983
2150 -0.425366
2160 -0.380724
2170 -0.335165
2180 -0.288799
2190 -0.241736
2200 -0.194092
2210 -0.145979
2220 -0.097515
2230 -0.048816
2240 0.000000
2250 0.048816
2260 0.097515
2270 0.145979
2280 0.194092
2290 0.241736
2300 0.288799
2310 0.335165
2320 0.380724
2330 0.425366
2340 0.468983
2350 0.511471
2360 0.552726
2370 0.592650
2380 0.631146
2390 0.668121
2400 0.703487
2410 0.737158
2420 0.769053
2430 0.799096
2440 0.827213
2450 0.853337
2460 0.877406
2470 0.899361
2480 0.919150
2490 0.936724
2500 0.952041
2510 0.965065
2520 0.975764
2530 0.984112
2540 0.990090
2550 0.993682
