1.340625
1.310437
1.252724
1.203306
1.137832
1.033310
0.929464
0.865077
0.814505
0.749486
0.701371
0.698779
0.705673
0.684749
0.660998
0.660279
0.647732
0.590887
0.522381
0.477241
0.429774
0.355153
0.290847
0.273052
0.273308
0.260423
0.262808
0.306259
0.352137
0.360860
0.355556
0.360710
0.340625
0.262574
0.159522
0.067399
-0.038044
-0.179702
-0.317761
-0.413357
-0.492058
-0.582058
-0.651947
-0.673052
-0.681367
-0.714158
-0.746406
-0.752231
-0.766482
-0.821623
-0.885023
-0.921666
-0.957266
-1.016678
-1.062471
-1.058492
-1.033255
-1.018011
-0.984417
-0.906753
-0.823739
-0.775047
-0.737645
-0.687153
-0.659375
-0.687153
-0.737645
-0.775047
-0.823739
-0.906753
-0.984417
-1.018011
-1.033255
-1.058492
-1.062471
-1.016678
-0.957266
-0.921666
-0.885023
-0.821623
-0.766482
-0.752231
-0.746406
-0.714158
-0.681367
-0.673052
-0.651947
-0.582058
-0.492058
-0.413357
-0.317761
-0.179702
-0.038044
0.067399
0.159522
0.262574
0.340625
0.360710
0.355556
0.360860
0.352137
0.306259
0.262808
0.260423
0.273308
0.273052
0.290847
0.355153
0.429774
0.477241
0.522381
0.590887
0.647732
0.660279
0.660998
0.684749
0.705673
0.698779
0.701371
0.749486
0.814505
0.865077
0.929464
1.033310
1.137832
1.203306
1.252724
1.310437
1.340625
1.310437
1.252724
1.203306
1.137832
1.033310
0.929464
0.865077
0.814505
0.749486
0.701371
0.698779
0.705673
0.684749
0.660998
0.660279
0.647732
0.590887
0.522381
0.477241
0.429774
0.355153
0.290847
0.273052
0.273308
0.260423
0.262808
0.306259
0.352137
0.360860
0.355556
0.360710
0.340625
0.262574
0.159522
0.067399
-0.038044
-0.179702
-0.317761
-0.413357
-0.492058
-0.582058
-0.651947
-0.673052
-0.681367
-0.714158
-0.746406
-0.752231
-0.766482
-0.821623
-0.885023
-0.921666
-0.957266
-1.016678
-1.062471
-1.058492
-1.033255
-1.018011
-0.984417
-0.906753
-0.823739
-0.775047
-0.737645
-0.687153
-0.659375
-0.687153
-0.737645
-0.775047
-0.823739
-0.906753
-0.984417
-1.018011
-1.033255
-1.058492
-1.062471
-1.016678
-0.957266
-0.921666
-0.885023
-0.821623
-0.766482
-0.752231
-0.746406
-0.714158
-0.681367
-0.673052
-0.651947
-0.582058
-0.492058
-0.413357
-0.317761
-0.179702
-0.038044
0.067399
0.159522
0.262574
0.340625
0.360710
0.355556
0.360860
0.352137
0.306259
0.262808
0.260423
0.273308
0.273052
0.290847
0.355153
0.429774
0.477241
0.522381
0.590887
0.647732
0.660279
0.660998
0.684749
0.705673
0.698779
0.701371
0.749486
0.814505
0.865077
0.929464
1.033310
1.137832
1.203306
1.252724
1.310437
